ns
427554
427161
427539
602433
426377
428687
426053
427509
426631
428182
423805
603425
427947
426152
427761
425940
426985
423154
427296
423900
602786
425537
426115
428880
428118
429312
426412
429863
603297
429381
428947
426996
426336
427068
424948
428583
604650
424046
429177
425346
425772
424579
458358
424715
603004
427451
426813
427334
424710
430203
424493
427435
601866
426973
424986
426176
427870
426075
424685
425885
604741
425194
426399
428379
428558
424601
426286
423745
600898
426269
426138
425317
427046
424502
427850
425062
427161
603923
427275
426365
427420
425490
428608
426627
425668
601693
427397
428631
426355
427003
425740
425673
427039
600374
430017
425050
428477
425365
428210
425343
424574
601492
426475
424720
425962
428618
425193
428606
423688
602690
427244
424550
427274
425449
428228
425735
426093
601119
428814
426954
426999
426189
425906
428167
425716
604385
429046
428662
426915
423983
426498
434031
426891
425918
603578
426748
427145
425782
426967
427192
426597
427622
602004
429735
427492
427629
427559
427958
426197
424753
602172
428174
427737
422856
427980
426135
426907
424924
602231
428498
424416
429876
427211
425832
429087
431130
600061
428361
427458
423480
426373
426553
425654
427068
603538
426653
425853
424506
424342
426842
427498
424917
602522
427055
426449
428285
426848
428679
428250
425124
430522
608889
430553
427313
428490
429306
426285
426706
423011
605508
426655
427354
424397
426825
426942
426373
423261
605308
430940
428193
431562
429457
429931
427941
427657
615778
433033
427847
430798
424914
427359
427991
427427
603940
427891
429358
425974
428365
426597
425420
428736
600724
429133
427971
429243
428245
428519
428344
426048
605828
427811
426999
427298
428993
424335
427649
427988
426362
603596
427024
427093
426604
428630
425231
427075
427060
603395
426437
429556
425168
427895
428233
425934
429831
603219
430215
425902
428842
426889
425107
427478
426358
603445
427527
428743
425960
428294
424802
425541
427046
601051
430034
429417
427302
425705
426401
427317
427025
604138
427788
430484
426526
427996
425862
429611
425610
605074
428543
428221
430491
424951
426117
430361
428335
426533
605857
426715
430126
425336
429187
428424
427373
427983
600437
429716
426511
427620
430150
425846
433096
427393
602027
426100
426672
426124
426208
425372
428449
428787
610069
431734
426179
425621
426865
428228
425832
428811
601691
424965
427853
425767
426813
426847
428891
425269
604309
432546
428588
427803
428813
428075
426136
428086
601396
429066
423789
427872
426961
426071
425631
426764
427690
600030
427238
428349
428941
426799
425668
426368
426229
601918
426283
427831
426527
426672
427255
427385
427227
600011
427621
427155
428563
426516
426353
425575
424651
602499
428258
425769
426834
426330
425889
427871
426059
602579
426291
429234
424905
427289
427225
428243
428461
604314
426174
425782
427680
427865
426328
427467
424576
602979
428352
429604
423239
425855
424548
425814
427532
425286
603577
432871
428248
426251
427082
424806
425705
429388
602989
426918
426532
427446
426451
428396
423042
424986
601755
424746
426456
427071
426327
426889
428005
425692
603762
426348
428300
424805
427041
425472
424495
428036
602478
429458
427024
426275
426050
424674
426655
427344
603880
424728
430699
425255
427039
427972
425888
428914
602456
427439
426967
429910
428186
426596
424288
427632
426844
602235
426684
425282
427603
426509
425833
424678
427214
602262
425676
427665
424536
429892
423672
425489
425147
600462
425248
428550
426437
424625
427617
426414
426952
598930
430022
425099
427389
426645
426805
425794
425785
601854
426613
427301
427394
428347
426058
423907
428318
600347
426879
428657
427852
426716
427777
426599
426763
601708
426619
427463
424875
430232
422832
429196
426575
423791
603216
424814
426580
427931
429493
426123
430411
426646
604045
426712
426234
427768
428097
428052
424468
428166
600464
426485
428297
427806
424456
426868
427121
427388
602316
425548
427206
427995
428561
426150
424945
424838
603461
428415
427386
427214
424578
426806
424754
425712
603273
426632
428117
425723
425481
425707
427235
425019
602768
428441
425890
429728
426596
427270
426400
429062
422547
603484
429846
427242
429046
427667
433546
427418
429116
601057
428866
426471
424584
426180
423626
423962
423029
602172
428323
427504
428895
425921
427450
427872
424754
601842
426472
424127
429788
427430
428526
426302
423169
602744
428546
429566
427061
427805
427793
426121
426367
602945
424274
427469
426144
426739
427055
424891
425338
603817
426931
428433
426577
425568
425085
428350
427010
426999
609330
426738
426023
429100
425348
424532
429618
427265
601591
428800
428215
426982
429036
425714
424995
428782
599660
428044
429062
428063
428114
427110
427540
426046
603427
427803
424675
428788
426979
426992
425442
424659
602643
425825
426589
426221
427082
428272
426244
428042
602188
426962
425521
425914
425274
427607
427350
423935
603312
426268
428634
426787
427238
425656
423064
429017
424548
603256
427274
425842
427764
426952
428378
424818
428341
602835
428779
425800
427450
430064
425248
427114
423702
603482
425108
427088
427894
426205
428748
428015
424477
600126
424830
426422
428745
428231
429678
425131
424997
599973
426533
427176
427231
427180
426651
427418
425913
600742
426413
426278
427681
426890
425421
427591
428386
603950
427134
428888
427114
426020
426844
428237
426746
426491
601532
428101
426397
427786
426336
425126
425994
427109
601561
426361
429454
426737
428229
427922
425569
424461
606176
426397
425258
427081
425594
425711
426523
426644
601996
429742
427220
425613
427501
425938
429050
432058
602519
425823
428313
424427
425236
425607
425483
427958
600463
426831
425810
428474
425199
429440
428332
424322
603756
427285
427274
426194
429824
422912
426717
428878
424979
603540
425515
426813
427877
428023
424723
427181
424840
603657
425253
425892
425682
426013
427544
425340
426882
603030
427525
425416
425643
427286
429491
429118
426379
602660
427877
425953
424289
423503
424509
425863
426779
600078
427114
426231
426320
427847
428212
426240
423261
601589
425635
426719
424465
426180
423907
424392
426702
603514
428785
425341
426666
424051
428228
426290
427861
427242
606586
426305
424793
426664
424127
429592
425384
428838
608382
427589
426824
424964
425302
428009
424652
423170
602893
425300
429257
426202
425228
426344
425359
427767
602527
430372
425586
426970
424541
426743
425529
426377
602872
426813
427294
424467
425161
427988
424636
425752
602723
428448
424125
427774
425668
428000
425129
425619
601004
427310
427658
428507
428173
423885
426910
426372
424748
603859
426437
426743
426354
427634
424143
427235
424848
602436
426102
427322
426573
427331
428725
426785
428049
602661
430500
428221
429528
422914
425322
428027
426424
605526
428006
428799
427066
427695
427875
425076
426644
600007
428305
427297
425576
424077
426171
425107
424556
601455
427154
426713
426472
426936
426469
428382
424211
603739
426928
424696
428218
426640
428749
425461
426358
422166
602968
427396
426300
426068
424350
424185
424800
425583
601831
428332
432505
428248
427532
426380
427072
433254
601610
424580
426468
427875
428250
426399
425683
426047
602646
429565
425324
428992
427313
425922
424139
428371
601830
427121
427111
426329
425636
424513
428271
426445
604621
425738
424640
430342
427352
426470
424752
426880
600225
428507
429335
430174
425851
424936
429625
426612
426919
599676
427837
426926
430195
426798
427187
427098
427187
603526
425574
426863
426730
429828
426261
423095
425855
603490
427740
427720
426066
423345
425175
423722
426579
602096
427489
426725
424527
426548
424201
428182
426599
602792
426786
424766
429068
427478
428561
425295
426672
600866
425760
426855
428640
431225
426806
425543
424375
602881
426121
426319
424953
427297
423781
426879
426810
425415
602388
426324
427602
426730
428292
424836
426559
427077
600365
429192
427021
426576
427426
425422
423760
426340
604357
426837
428140
427569
430073
427233
428942
427364
605147
427356
424104
426743
427822
425138
426326
428273
604421
430950
428787
426822
427163
424561
427449
425704
605012
424220
437306
425372
427698
428888
425227
427685
605908
428193
427141
443638
426529
426817
427008
426665
427628
603386
425795
424854
429304
425845
424650
427557
426980
602170
426172
427360
426622
426388
425678
429307
424574
604804
425726
430669
429705
424434
425712
426112
425548
600574
427786
424020
423346
428717
424548
426252
424228
602721
427441
426782
426305
428058
425310
427838
428158
600913
425486
428220
427345
424797
431449
426773
424379
604827
427480
425904
424313
428538
428350
429192
424901
424608
604035
425404
428053
425986
429573
423134
427999
425567
603191
428710
427441
427392
426591
428767
435498
428349
602592
427874
425705
426517
426576
427152
425411
424096
602997
426345
429433
426458
424176
425316
424205
427321
601250
429733
426140
432526
424702
428212
428335
423858
604337
422944
425698
425178
429190
425652
428546
427113
601305
427213
426867
426161
426280
425862
425927
427008
425865
603082
427215
426083
427135
425978
429621
426781
435411
600174
427682
426921
426462
429503
425409
427172
428540
603912
428460
428589
427387
427550
425012
431970
426691
601676
429835
426170
429143
425646
427211
424599
425960
604067
427398
426556
427549
430170
425485
427886
426453
602604
432842
429662
428183
423326
425952
425337
426831
601497
429307
424323
423859
425527
424913
427154
428405
426787
603897
425792
425406
427677
427625
423759
428520
424878
599749
428608
428583
423908
427489
425890
425430
429734
602145
425986
426202
426626
427627
426339
427670
425281
600670
428387
429019
426681
428103
424498
423970
425376
602555
425901
426501
428306
425030
428783
424948
428582
602180
427073
426585
425950
426229
423558
429521
423842
604579
426961
427247
424398
425652
426961
424847
426154
425303
604102
427204
427030
428448
426561
426867
428169
426415
602088
425801
429340
426804
423588
426352
425842
424559
604998
425170
428390
427364
425941
427122
437586
424427
604337
433969
425762
427237
426444
425621
427668
426686
600280
425870
425683
425241
425925
426968
429356
426133
601468
425797
429548
423730
425774
426962
426027
427684
601239
426088
425130
427553
428715
425722
426744
424953
425289
602563
428203
424405
424966
425048
424040
427940
425484
603567
426214
427005
424740
429007
427562
426511
427431
602399
424502
425070
429194
424561
425785
426759
428528
601966
428812
428926
424703
427772
426382
426451
428337
601557
425206
429759
426182
424218
427595
425595
427507
600338
427807
427160
427535
424171
426479
430782
426003
606170
430073
429271
427204
430705
427757
428059
428590
427108
606507
426722
427999
424356
429094
424943
426746
429128
604264
427671
426670
428405
423004
427760
424993
427482
603312
430756
426872
424202
426281
425658
427124
425800
604799
429436
429513
427633
427162
427106
425336
429196
603602
429631
428140
435864
425323
427310
427027
424128
605034
426542
428915
428995
431493
425110
428638
425455
605016
428879
428231
424940
425263
427749
425081
425461
423054
602624
425184
425510
425550
425165
427224
425421
428510
601382
428820
426293
426489
429568
425963
427142
424980
603158
428765
427576
427433
425383
434638
427638
430652
601218
427354
427212
427726
426211
425446
427244
427371
601842
425852
427928
423833
430031
427724
428112
425890
604863
424619
425707
428965
424933
429578
423471
426837
601462
429312
425244
426947
428555
423391
428851
425293
426392
601914
426311
423673
426007
425391
423826
427552
425599
601421
427080
428649
426767
425420
430218
423622
427286
602125
429733
428037
425278
427687
427655
427123
424866
601611
428187
426536
425642
429179
424967
425475
425854
603888
426017
426835
424434
427962
428170
425581
427636
600834
426037
426548
427474
426154
426260
428471
427118
602195
425261
426077
428543
425958
427073
426312
427445
426915
602845
428679
429059
424973
427820
427239
425130
425715
607822
430692
428671
429031
427551
424769
426855
425297
604547
424954
424127
423998
427915
426471
422450
429267
602940
427499
425202
426562
425319
425666
425571
427174
604231
427053
426589
424938
428357
425777
427375
424174
605240
426096
429219
424730
425651
426231
424131
423489
601499
427360
425911
427121
425395
424729
428188
427247
429207
601094
427278
426096
426640
426523
425793
428170
426896
602743
426530
428116
424725
427516
424978
426167
428416
601272
427238
426217
427015
425740
426564
425421
424730
603320
427040
427081
427310
429598
426025
427844
426425
603812
426351
423847
423215
425411
425747
424679
428386
601732
425401
425106
425551
425378
426509
427813
425122
603499
426427
428055
425368
427373
426932
426062
424208
425965
604453
425529
427152
427894
430000
424467
428134
427306
600460
428650
428327
426058
428021
427879
423696
427237
604470
424960
428877
424522
426699
425313
427681
427412
603674
426633
427197
426892
427188
429861
423437
429180
599715
428056
427496
427078
428689
428672
426724
423991
601208
428497
428899
424924
427882
426248
426248
428344
603808
436207
433619
426216
426678
427322
423074
425942
425991
603003
427202
428106
427875
426833
427130
425291
426515
603080
426292
426258
426145
427884
424767
425922
425303
604309
426721
427037
428281
424651
427165
425766
429323
601307
426867
424953
428340
426408
425451
427666
424660
601046
425321
426517
426861
427838
426634
425343
426878
600798
428019
428471
427089
424195
429044
424876
424226
602189
427868
428675
430386
427848
425827
426963
426179
427289
604486
428069
428172
426310
427571
426701
427324
427225
603894
427695
425598
427800
428632
426972
427889
427954
602460
425307
428865
425516
428436
427594
429170
425400
603994
428763
429086
427262
427576
425656
424687
428277
602822
427195
426051
428053
428237
426894
424049
425142
606178
425241
429542
427141
426712
426086
436098
428073
605381
427748
428001
427909
428311
427540
430523
426957
425451
604248
427162
428917
424753
424836
428181
427981
427610
599764
429298
425469
427749
426551
423966
428396
424647
604119
424802
427856
422860
426004
425393
427892
428148
602130
430693
427510
429563
426384
427674
428557
426777
603011
427620
426568
425459
429726
429698
425216
426047
601573
425696
428919
426828
423621
425623
426819
427629
603138
429518
426346
427952
425286
427395
426680
426148
424501
601442
427158
425000
428014
427204
424698
426836
431884
603977
426624
426183
426622
425110
425957
425531
427753
601992
429819
428002
428607
423849
427300
428076
424673
602634
426397
427202
428396
428947
425681
425251
427013
605526
426578
424348
424825
425111
427821
424778
428391
601557
428001
425882
427704
425679
424221
427489
423768
603447
427462
430355
426865
428687
425450
425324
427206
423891
605959
428077
430356
426980
428244
422452
426952
426287
599706
428312
427209
429431
426879
427374
424142
426569
602253
425171
427959
423586
428058
430021
428384
424986
603958
426973
425390
426501
427410
436778
429241
428277
601764
427710
426869
428601
426310
426770
426527
425054
603276
426253
429234
426301
428773
428128
426945
426885
602713
429214
429828
429355
426813
428533
426578
428497
426799
610957
430606
429275
429877
426985
427964
428393
427727
603040
428456
428573
426408
428278
428104
426534
427721
602752
425135
430009
424973
426067
427635
428150
427923
603525
427903
428705
428752
424629
426683
427098
428440
605726
427597
430063
426669
431153
428048
426150
428072
602168
426963
428904
428180
425933
428847
426781
427224
605688
426201
427830
426496
430362
425148
426669
427368
429082
601481
428435
428035
427005
427275
427342
426836
427890
602810
427023
425177
424660
426195
426426
424478
427513
601143
427992
424825
427345
426999
426216
428392
426066
605014
435778
428571
428344
427564
426077
427033
428986
602244
431643
426678
425137
426224
427905
425734
427529
606179
426124
428603
428155
425976
428426
426249
427219
602777
427609
429553
428185
427996
427807
429748
429098
425903
604118
425753
428737
427659
427678
426651
426981
427133
605050
427805
425449
427237
426425
427419
428178
426997
605007
428992
428565
425592
428827
425603
425101
430000
605404
426663
426374
429484
428533
429411
426374
428272
602583
432468
428536
427679
427860
425623
426920
427862
602657
428909
428726
429127
425822
429325
425483
426947
610892
429278
425806
428979
427792
424199
432988
427700
429380
605080
428532
435163
427571
428732
427279
426352
427880
603926
428021
428834
428894
428725
424889
428293
427626
604659
428792
428454
428994
428575
429031
427479
427539
601153
428786
425453
426759
426464
425011
425724
423907
604082
424268
426550
426373
427773
427045
424077
424044
601348
428149
427528
426946
424340
424255
427221
424464
601129
429372
428163
425858
426164
426948
428696
427347
427141
605871
427668
427809
428756
428995
426657
428868
426635
605949
428137
428279
427153
428047
429172
427455
427879
600681
426655
425326
428469
423865
427687
425150
425498
603895
425220
429032
428350
426431
426805
426367
427453
601504
427966
426122
429078
425658
426630
427645
427019
602760
426660
428745
427470
427043
426663
428597
427639
426907
602502
428303
429589
427927
429422
427572
429316
425866
605533
430840
426966
427717
429121
428383
426389
427939
601490
429198
427848
426919
428454
426133
428386
426430
604163
423881
429457
425981
427232
432122
424944
428040
602247
428655
424110
428954
425578
426280
427795
427363
604856
428728
426452
422002
429667
425546
426690
423882
603555
428222
424250
435493
426760
430758
424288
428334
426523
603288
428970
427661
428414
426551
428927
426421
427457
601089
429427
426499
424921
428249
426839
427525
427719
602960
425515
426703
427241
426447
430650
427935
426403
603245
427791
427529
430290
427232
428930
426743
426844
607694
429070
430395
425734
428880
426264
427877
427231
602090
428722
428481
430546
427623
428635
426630
428126
604044
426209
427761
425492
426882
424845
428446
422758
427336
601371
429106
426995
424384
427196
423693
426766
425109
604952
427125
426188
423470
427802
423255
428277
426602
602557
427174
424828
427950
426833
429074
423270
428540
602815
429311
428898
423595
426244
426791
425253
426232
603198
427904
425193
426229
428377
427732
425090
426865
602025
428604
428457
428016
428496
426684
430112
427198
605240
424449
427903
424932
427997
428633
426730
427146
426623
602821
428093
429185
426010
428978
425373
428325
425574
600718
428623
425098
427340
426473
426360
425551
426884
601906
426522
430004
424827
427459
426380
428693
426193
603052
425476
426668
426336
424791
429686
427450
424008
600583
429100
425999
425283
426868
427926
427081
424598
601211
425446
430597
426047
427658
428954
425053
430182
602849
428708
428574
430633
426612
429246
423912
427824
427904
605037
425925
426314
429787
424996
427654
425380
425423
602406
427605
427207
428543
429373
429042
426669
426387
604556
426765
425068
428224
425447
428728
426519
426441
604458
428220
425520
428509
427814
428697
428524
427435
604671
427213
429080
426775
435025
427940
428556
427001
608258
427812
428632
427377
426635
426831
426831
428022
604338
427773
428819
425145
427449
424666
429487
430351
428262
607433
425574
428339
427058
426584
426694
427773
427176
605985
429183
425132
429348
428157
425283
428038
427634
601143
429634
427954
428483
426847
426537
426068
427793
604140
427240
429315
425415
426894
428242
424398
428008
604386
427328
427805
426988
425519
426754
425967
426160
603407
427900
427872
425159
430224
427522
428237
428837
603576
427905
428566
429885
426762
427846
429050
428657
425947
605666
427019
434251
427114
426852
426590
425709
428411
604768
428607
426983
426066
426504
426053
428672
428602
605609
427297
431284
426305
428798
427868
427650
426635
602932
429869
428847
427620
427072
428964
426000
425669
604857
428133
433862
428790
424902
427469
428829
427642
603841
427331
428803
426569
429493
426738
425344
428383
602896
426010
424497
426881
427943
425414
429774
427807
428332
608012
427991
427774
427407
426986
428288
429632
425259
603350
428091
429284
427188
427681
425714
427712
432390
603963
429405
428006
428388
425634
428533
426263
428398
601783
428570
426232
427890
429182
424193
428894
429337
604301
427668
427912
426115
425452
427604
427149
427600
602939
428108
427452
428833
426516
426094
428483
424723
605991
433158
429167
428154
426061
427131
433779
429771
425698
606540
430043
428555
428310
432613
427156
430920
425421
605576
425561
426521
427354
424795
427911
428186
427679
602144
429849
427563
429029
428791
426577
429489
429094
606733
427996
427413
428812
433642
429137
427019
426982
601110
430916
427921
428120
426993
426455
426266
424912
603743
426863
428725
429580
428873
426892
427248
426759
603698
426932
427080
426272
427196
429750
426653
425349
427065
604446
427225
429375
428219
427091
429763
426696
427772
602619
429099
427088
426471
426914
428339
430776
425500
601497
428150
429808
426159
428343
427600
425324
428399
601247
429785
427346
430706
425412
429676
427513
425682
605705
428908
428450
428837
429466
426890
428699
425240
605411
426960
427885
428189
425957
429692
425903
430211
602985
429928
428826
426332
429757
428421
433133
424301
429060
601492
430038
427744
425209
427941
424275
428971
434786
604087
427469
428601
428080
431032
426998
427889
427451
601396
429141
427082
428586
427885
428708
427605
429184
603080
426804
431216
427219
431816
426772
429186
427224
603536
425828
428273
428325
428100
428412
429202
429532
603663
429968
428488
429180
429190
433825
427282
429513
605980
426497
427659
425233
428506
427014
428227
427196
427713
604129
431306
429514
428278
428785
428534
427675
428487
604418
425585
427970
429769
427410
425990
428362
427325
602184
429932
428487
425448
426253
428705
427875
426591
604658
426728
430530
427194
425603
429632
424848
427723
603116
429241
428654
429949
427333
426812
428682
430784
602999
427674
429594
428142
428633
426712
427574
428628
606293
434072
429107
427453
424893
425810
424091
426448
427960
602025
426670
434646
428733
425495
428434
427134
425789
603743
427515
425939
428337
428316
422866
427946
427431
603046
426559
427598
425935
427572
427986
424548
427980
602336
428581
436056
431284
429117
428615
431537
426580
604367
433201
427021
427568
428610
425521
427380
427599
603346
427439
428105
428268
426838
431001
428329
428705
602140
429430
428324
425678
426428
427015
428250
427128
427943
604222
429155
427850
429569
431420
427525
428413
424786
603265
430364
424589
429686
428281
426589
424423
430812
602508
429164
427759
425019
427437
428944
424781
425882
604307
426304
427504
426821
427430
428073
428142
427466
604875
427860
424898
434180
424925
425946
428134
429088
601636
431459
427530
425366
429243
425629
426029
427062
604523
428133
430328
426554
427753
426820
423728
428517
430365
602560
429417
426662
426886
427927
426244
427270
428835
604041
428695
427177
431141
428536
427163
426786
427954
602355
427507
430513
428143
427044
425203
426155
424670
605322
425202
427843
428894
425188
429480
425939
434219
601246
430600
428282
428603
427037
427205
427956
426846
603601
427807
429100
429367
427022
427371
426816
427930
604644
427902
428943
426769
426323
429176
428423
426185
427467
602917
427303
427608
428580
427505
430645
427379
426360
603900
427755
427395
425878
428361
425837
429622
426182
606223
426799
429253
426277
427562
427410
425930
429326
601473
429392
428008
428285
423818
426610
428636
427589
603040
428883
428249
426481
428472
427811
427522
429433
599245
431151
429177
428867
427347
430568
427418
427754
605168
426333
429058
427578
427101
425309
426731
424021
424352
602028
427417
428477
425638
426013
425606
429175
427020
601663
424883
428811
429878
426974
426654
425756
428256
600736
428675
427325
427753
426576
426163
428648
427390
604620
427379
429140
426460
427129
426868
428624
428392
604033
429640
425396
429823
427006
425984
426412
429686
605955
430611
425260
428005
429248
428955
429780
426936
603786
427696
429834
426728
427958
434035
429445
430957
426563
602982
425732
429453
426391
425542
427158
425037
427449
600543
428800
424439
429431
426499
425356
427838
429843
606508
427864
429240
426134
428753
424664
432244
427085
605954
425210
425258
428245
428559
427507
425784
425734
605550
425780
426506
433189
428339
427927
428667
424782
602842
425866
429476
427478
426969
428038
426215
426215
602906
426996
426209
428830
426028
427364
427667
424475
426732
603359
427797
426374
428406
425047
425722
428467
426062
602056
424373
427450
425627
429000
428154
427510
424887
605022
426460
428163
426593
427941
429546
425698
427582
602107
427169
427023
428182
427253
425446
427660
423943
606593
428049
429570
427903
428206
429068
426320
427671
601794
428025
428908
429621
424720
426734
427414
426190
605068
427799
428196
424461
429700
426027
428444
424978
425204
604655
428927
427923
423527
427894
432031
429342
424151
599048
426432
426651
427841
423468
429015
424504
425944
602228
429874
427745
424578
427764
427287
425782
428204
602648
426742
427793
425306
426736
428695
426762
423452
601709
427031
427203
429413
425589
424248
427411
423538
602247
428165
428977
424181
427710
425072
426822
428907
604402
434510
427917
427932
425260
429721
426616
425231
425310
605834
426166
428045
426653
425694
435022
426760
427382
600812
426280
424361
427022
427217
425988
429294
425964
602707
426621
428162
426366
426231
427019
427983
426912
601832
427662
425763
430534
423462
426016
426448
424080
604921
424247
426218
425171
428045
424812
427536
427600
603470
426141
427645
426684
423784
427370
424515
427606
601535
435489
427169
424464
426624
426728
427130
425678
426964
602550
427719
424180
423819
428342
426069
428994
425225
603026
427489
425917
424766
426603
425644
427505
428053
602332
427804
426587
426979
424178
424818
426110
426052
600921
434032
428738
426881
427786
426586
426291
425719
603029
431648
426185
425853
425733
427014
426813
424967
604036
427402
425200
426063
426351
426682
426509
426811
601928
428463
429323
425078
427200
427224
425928
429861
426794
604908
428538
425695
426569
425603
425806
426986
424887
601291
427549
426105
428172
426923
426485
427014
426586
604448
426352
427908
426030
427440
427210
426993
426331
604180
427388
427250
427970
426716
427812
426431
425645
611068
428815
425729
426942
428291
423578
433443
426180
603643
426486
428275
423787
426273
426460
423744
431002
603845
426431
426021
427222
425743
427367
425427
426814
437398
602074
424973
425523
428341
426013
428386
429040
424796
603650
427656
424691
427530
427662
423339
426887
428393
604071
427610
428218
428289
426177
426661
426809
429965
603261
425883
427719
425352
427927
425633
427748
426757
604649
429401
426174
431686
427260
425789
427219
428133
600147
429190
427454
428465
423847
426456
424875
424655
604278
425961
427413
425011
427339
427634
432159
426708
426000
604570
425462
427915
427623
427425
423703
426780
427816
606011
428830
426991
429057
428006
426206
427811
426763
602881
427755
427825
425134
429017
425193
427956
425702
605689
425222
427595
429319
425990
425428
426738
429150
603429
435074
426377
431007
427132
425811
428433
426541
604733
426447
427323
425012
428981
424948
425849
429367
605958
428529
427090
429595
426428
428550
428540
427998
426579
605685
427007
426826
436041
427367
427425
426417
425713
602142
428298
425185
426683
436045
426839
427493
428756
601589
430422
428379
425386
427283
435870
428226
427750
605724
427547
427526
427576
425212
430620
426626
425347
606010
429281
428108
429474
429339
428609
427700
426369
603391
425844
429688
425584
425749
430283
428925
431018
603907
428445
428382
426953
427676
425462
426658
424167
425411
604691
426988
426194
426258
428383
425209
429526
425678
604403
426696
431347
427583
430636
428280
426034
429518
601340
437118
427876
427378
425764
429888
427408
428017
603832
428289
428884
426736
428701
424889
430600
425200
604896
428499
426750
429916
426852
426561
428390
428733
604226
426897
428002
426889
427809
426640
427222
424131
602630
425100
428957
426626
427886
425886
424797
427924
425196
604224
426247
426102
426629
428831
425674
425520
434694
601644
429850
427773
426267
426281
428376
426549
428678
604217
424707
428519
426374
428086
427359
429323
432250
605900
425468
429273
424186
425782
425585
427487
430066
604723
429830
424846
428470
426942
427938
429918
427628
605813
428540
425759
426976
429623
425714
425073
426645
603986
429545
426744
429348
428402
428474
427912
426921
428463
602960
429234
429376
428598
423485
429182
423824
425188
601811
431948
426400
428005
428631
426667
427092
427964
601935
430685
428231
424587
426879
427356
427238
427976
603868
428556
426405
427525
427567
424217
427800
429371
605492
427554
426597
425718
428608
426658
428573
426911
602970
429440
426936
428397
424729
428477
426063
427735
603555
426659
427617
427581
428031
428263
427887
424455
426921
605776
428821
427840
428915
428879
427029
431910
426150
604727
430063
427418
424630
428620
426255
427626
427653
602670
429679
425454
426016
426025
427515
426310
426717
604417
425633
429387
427343
428118
426757
425545
428667
600859
427753
427207
427801
429420
427086
429980
426464
605506
427045
427852
427661
426387
428569
428508
428471
604740
426741
427871
427265
426912
426601
425373
426687
423239
604026
428659
430079
425542
428796
426879
428587
429737
603318
429984
430655
429490
425116
426794
427738
429797
602709
429191
428984
427108
426823
425350
426459
427487
604566
428549
426403
428365
427775
432801
427791
425100
602262
430667
425596
427885
427491
427750
429891
427325
602320
427202
427289
427752
428338
426163
426505
427776
603470
428667
427768
430033
424852
426888
427415
434653
428262
606113
428617
426677
429330
426598
428419
426259
428590
603114
427168
427498
427402
426391
425426
428828
426342
606897
428665
427106
427073
427740
426851
427615
427682
599496
427250
426866
427353
427330
426888
427584
425574
606519
429521
429554
428297
426272
426544
428089
425836
600355
427357
424862
426856
425775
427170
425930
433369
604491
428397
428420
428884
429626
427492
428489
424232
426420
604870
426212
427147
428659
432656
428844
426993
426296
605567
433066
427404
428887
425675
427272
431724
430342
603321
428788
426624
428203
429161
425188
426061
425219
604217
426353
432382
424849
427284
427394
428356
424338
605053
430651
424680
428741
428401
427114
427479
429326
602305
425210
429377
423037
427629
426050
426661
428459
605986
428014
427100
426814
425808
427856
427399
431036
423842
605882
424824
428199
429781
426067
429593
423803
430651
602346
430674
423801
427517
426927
423910
429122
429073
604853
428186
428910
426548
427221
427415
428422
427186
603162
425886
426156
431160
425824
428103
426895
426054
603318
427394
435335
426896
426467
425067
428219
424747
602902
426118
427228
429533
427277
426877
423416
424496
601225
427599
423632
424772
426859
422137
428444
423776
427400
601313
426371
427638
428888
424812
425192
429784
428030
603835
426349
426781
423229
427392
425396
425117
428859
602435
428444
428335
427266
424962
425532
426180
427327
600222
425416
427738
426408
429212
426750
428949
425894
604130
426817
430701
428408
427711
430282
427533
428060
600281
427452
428314
427778
426065
432531
426657
425993
604153
425809
428855
427765
426287
426202
428290
427803
425843
604207
429655
429330
427475
426107
427306
435121
430012
605866
428821
426805
428214
427052
429324
426557
432659
604487
426887
427627
426630
428540
425049
428101
425720
604969
425134
426397
429267
426470
428135
426279
426246
603004
427968
429170
429307
428579
424092
426312
428969
602004
428703
428638
428196
429950
427779
424330
428352
604360
427010
426603
427477
429640
428613
427690
423706
428495
604533
429835
427176
427044
427642
429312
428056
428120
602705
428787
428346
426709
431259
426065
426976
426929
603768
427171
429529
427589
425531
429404
426130
428731
604071
427056
425424
429159
424976
424819
427976
424489
605778
427580
428800
428067
429615
426141
428275
427683
600389
429319
427518
428962
428599
429106
426581
424809
606565
427584
427283
427102
424725
425530
427812
428141
429519
603759
428147
427373
426825
429828
428401
426983
427779
602242
428861
427217
425330
427519
427033
424363
427776
600626
428283
428425
428362
424622
426793
426808
425442
604741
435351
427652
424953
428989
426359
425686
427094
603145
432867
427430
436443
426853
428178
424363
425228
606378
429405
428019
425772
429762
425253
429285
424319
603397
425982
428757
428701
426427
426937
426340
426331
425082
603591
426540
426011
425509
426418
428729
426227
427074
608183
427707
426212
427943
427613
427456
429779
427176
601748
428450
426652
426877
428211
427440
427115
428905
604928
427764
429024
429650
425990
429388
425727
427096
602481
428439
427256
427960
428957
427742
426991
424244
604434
427644
429425
430741
429697
427621
427350
428602
605232
427938
429195
430410
424588
428010
428082
425588
428489
601348
428206
427854
429473
428653
429209
428294
425058
601769
428667
426912
426556
430292
425679
428357
428023
606249
428371
426725
427169
427156
430127
426346
428926
603833
426293
428264
428475
428926
427837
430645
427535
604603
433209
429190
428411
428916
427423
425867
432770
603539
428282
428040
426422
429268
427611
425696
427636
605058
425935
427075
427890
425120
429028
428812
427336
426210
602926
427269
428673
424741
429115
426156
428887
426778
604836
429514
425921
427515
427571
427120
426280
436882
601295
430358
427720
426408
427341
427788
426822
425073
603129
426508
429400
425442
428670
426946
425857
428625
601332
430215
425651
428976
426769
425372
426643
428933
601398
427697
429891
424802
427429
425668
427620
427225
605745
427838
428000
427674
424570
427763
427579
430708
427365
604504
424665
427663
429648
425855
427822
428638
426973
604359
430052
423539
428705
427828
426200
427769
426014
602428
427019
430767
426853
429466
426145
426099
428602
604403
427396
427583
427702
429402
426661
426914
425939
601683
427576
428441
425372
430446
426523
425531
428076
602572
425948
428811
427533
424449
428365
424909
428542
602223
426857
428058
427038
426094
429227
427353
428233
427776
600246
428015
426798
428653
424356
428475
428937
432722
605002
424694
428845
425423
429415
426920
424119
427955
602420
428260
427881
426620
424732
427636
424850
425175
603751
425358
429548
428520
428342
425148
428928
426898
603618
427602
429321
427443
427565
427141
427569
427475
600608
428479
428104
429942
426631
425834
425923
428027
603907
427328
430480
425966
427844
426623
425636
429887
426322
605861
427562
426888
426618
429311
426809
427215
428070
603731
428305
427358
425369
427359
428380
426575
427731
601963
426708
428748
423294
428743
428807
427275
426010
603244
429390
431271
427614
426392
428232
426475
428144
603672
430651
426419
428494
427301
426380
427180
426647
604275
428013
425884
424332
428172
426056
427425
428621
603245
427198
436476
428825
426122
428783
427798
425281
427415
602172
428432
428195
428661
426845
428193
425713
425809
601060
428713
424967
428315
426668
425439
426814
427144
603167
429916
428729
426048
426517
428681
428819
428875
600920
427715
426871
425518
424872
425305
427945
428127
603677
428547
429333
428390
428758
426115
426870
428461
601988
429882
427804
428684
426443
428569
426681
424786
604590
426787
428684
429588
425878
427623
427147
431642
430532
602926
427527
426562
425140
427156
427607
426801
426178
603951
425339
428876
425520
426073
427718
426674
428455
602179
428951
427043
427855
426703
426643
427604
426487
601771
426324
426557
426067
429022
428361
433326
424250
605791
427155
425523
429858
425997
425895
425486
428468
604272
429862
428118
427720
426834
426944
428996
425493
605719
424237
428047
426673
428234
429009
426155
426817
426010
605419
427508
430142
427930
426848
425836
428392
428216
602033
428675
427634
426503
428373
428724
427594
428370
604654
429313
428108
432730
431348
426490
425847
427170
604998
426024
427688
429381
425793
427635
428460
424962
602938
427948
425437
427290
428911
423257
428747
425904
603993
428721
427915
424055
426701
429352
426032
427620
602386
426935
426683
426559
425590
425375
428155
425800
429863
600731
426723
428323
433041
426405
427222
429443
426076
605932
427316
428956
426360
429912
428257
428846
424568
603634
427567
428399
427382
427377
428779
424912
428082
600973
427413
428462
429946
428085
427546
426394
427020
603723
427439
426731
426065
428014
429733
429954
429084
601345
430626
428147
426311
429766
432572
424367
427492
604747
425687
428765
426952
430335
425667
427603
423085
427080
605275
424904
428575
429390
430818
425952
428312
425357
604134
426534
425696
427538
427874
427469
426344
428743
602868
429153
427997
425696
427882
428284
429029
428002
604424
427814
428496
424484
423825
429448
427527
426984
602319
429521
427412
428052
425655
429459
428463
428058
602081
429685
428202
427663
428424
426163
425505
424990
601923
428716
430280
426642
427399
430413
427764
426260
427072
604258
428960
427087
429327
425084
426706
426290
428469
602858
429825
426793
429144
430389
425169
426213
427547
603036
428420
430957
428656
429931
426267
427012
428493
604251
429374
428685
429853
429707
428506
428388
426922
603547
426819
429248
428997
428265
427246
426940
428359
602648
428331
427470
429459
427521
428783
426941
428443
601127
426530
429409
430041
432899
428103
426952
427193
427845
603870
435532
429382
429628
423911
426387
427781
427551
604466
426901
428952
426312
428143
426948
427113
428462
600219
427394
428357
426970
428146
428310
426908
427953
602469
429959
427798
427007
428595
426431
426141
426202
604377
424332
427607
427382
425579
426544
429123
427244
601029
431293
425969
426067
429222
425215
424077
427511
603873
428288
428551
428952
425527
426291
427636
426050
425319
603517
427774
427790
433690
428205
426577
428604
427948
603298
429063
425012
430023
434893
427266
426914
427871
602632
428899
434737
427206
426429
427232
427389
425433
600943
426305
429012
427524
428104
429774
427462
427318
602513
427557
429568
428339
427054
425173
429571
427965
601831
426727
427459
425026
427578
429393
425931
428373
602956
430429
428489
428557
426150
427230
427740
425415
429921
602126
426881
427657
428832
428575
428945
427820
427883
603348
430970
426919
428775
428751
425723
426865
426142
604889
428114
430847
425823
433814
427954
425316
426861
601515
426416
426941
429927
429036
427506
428546
427294
603381
428129
427261
425811
429307
426933
427682
426615
602323
429002
428188
425008
428735
429860
422935
427865
605133
425705
425605
428236
427762
425187
431802
425992
427815
603820
429631
427202
427257
430757
425943
427105
428017
604237
428601
427019
427724
426889
426322
427249
428787
600678
428106
425530
430152
425930
429977
426049
424331
602864
428479
427968
428681
428269
425815
429216
427241
605768
425241
427323
428707
430207
426664
428521
430993
602183
429924
429695
425754
428629
428027
424978
428137
605143
425399
427737
426068
426425
429515
426218
426848
427072
603911
426030
427141
427577
426435
427130
426000
425415
602861
426091
426102
427005
427024
426880
425822
425556
602357
428027
428038
426851
428185
428398
424716
427370
603551
428074
426066
425780
426153
427014
426848
428485
604264
428427
424014
424450
425789
426347
425262
427742
602821
428502
427893
426854
425734
428018
426427
426378
603225
426787
428012
428021
427654
426346
429131
426927
427829
604628
427938
424064
430394
425998
428158
427442
427748
603085
425126
428884
424274
427865
425964
427853
424120
601783
430811
427900
425828
428272
429346
424959
429963
600293
427791
428760
427672
430195
427946
425142
427422
603941
434388
425795
426944
425896
424970
426479
428733
601099
428926
428658
425532
425234
429464
428765
427471
603569
425313
433007
428373
426307
429921
427144
424372
427702
605117
429206
429610
424448
427413
426956
427525
427134
605940
428307
428265
429170
434322
426744
428952
428607
600239
428850
428256
424622
430027
427591
426802
427675
604413
427050
429917
432400
428799
427668
426101
427607
602930
428862
424594
427749
428848
426631
428653
427599
604107
426754
430244
425460
426489
426981
427220
427544
603887
423278
428212
425737
425325
426900
426145
426034
426251
602805
423972
425927
425608
424685
426592
427831
426420
600853
429620
427297
427046
427159
426090
427691
428330
601768
425322
429757
424651
427033
429980
427894
427244
604506
426859
425784
426973
424822
427344
426490
424449
604101
424615
426617
426998
430303
427107
426889
428406
601755
427306
427113
426493
426407
426744
426065
428647
604212
425688
426587
426935
428744
425997
426864
429677
428370
604598
428970
427338
428381
425307
427055
429376
424635
601852
427388
427018
427518
431140
428749
427057
430144
600825
430576
428062
430279
429042
426813
424577
426469
605346
427541
426543
429204
426894
427851
428270
426055
604273
428511
426991
428596
427107
426860
427720
427813
599099
428656
426121
425257
426735
426009
426636
424914
605142
428017
428895
426948
428168
425239
427129
426520
426595
604238
426701
431326
427541
429290
427210
427194
429473
600453
430654
423726
430287
427422
425412
425893
428873
603269
427147
427951
426384
428237
428377
430061
429831
603128
425453
427326
429014
425089
428683
429195
428108
603050
428800
426661
428708
429142
426192
426345
429901
602453
428794
427578
427349
429436
426416
428154
428252
611208
427885
428807
427380
424728
428287
427866
426724
428606
604166
428231
428132
428060
427565
426600
428135
426269
605267
427644
426868
430246
428847
427093
428368
426836
604551
430135
428535
428049
426597
428635
427579
428249
601808
434429
429632
427659
425289
427135
429194
425150
605982
427632
425162
427364
428352
426885
424301
430081
604650
427792
428162
428064
427810
428487
425766
427310
601928
429259
430344
424087
427970
428546
427769
426504
428400
601697
429728
428740
427582
425984
428571
428381
427809
604305
426190
429067
425613
426932
428369
427832
428175
609186
429581
427749
428198
427211
425782
428175
428376
604250
426431
430509
428419
427061
430414
429276
425642
603040
428058
425527
426345
425778
427035
426114
428165
605388
429707
426055
426552
429558
427621
427401
427290
603236
426680
429799
426843
425565
428279
428080
427180
427557
604976
428512
430234
428250
424051
425969
428712
425130
604051
429880
426827
427297
427293
426418
428849
426727
601179
428388
430453
428415
428754
428076
427107
423788
604338
427687
425920
427133
428276
428481
424927
428435
601069
430291
428262
428063
428590
428535
428879
427477
602851
428018
428868
425297
427417
427926
424818
435073
605057
429255
429781
429737
424376
527760
428267
425551
429806
603705
426135
425675
425231
426257
427295
424469
425880
603958
427469
428216
424821
427040
426551
430846
427239
602309
429544
429731
426417
427350
429040
426970
426075
602234
428007
425257
429358
424839
427358
425442
426418
602943
428590
429175
429199
429042
425902
424685
429883
602071
426471
429089
428028
427193
429060
426374
427406
603926
429169
427753
427091
427579
427696
430022
425155
429388
601670
427715
428276
426978
426883
425246
428324
428828
603220
427625
427029
426130
428740
433723
428832
427646
601549
431422
428273
427704
428297
425149
429731
425667
604511
427787
429558
427773
428156
432363
426977
430650
605908
427140
427752
429764
427117
428658
427604
426922
603447
430718
425614
427814
428364
430431
428246
430429
604805
428206
429197
424413
427498
427588
428110
428558
430300
604000
426809
428130
428933
427028
429234
434403
429542
603509
427987
427398
428862
427571
427131
428511
428701
601374
428096
426678
427711
430026
428871
429441
427119
605457
425222
427756
428645
425995
428910
425965
428262
601240
433534
424965
424817
428570
424780
426553
428778
603464
427249
427191
427701
427746
427244
429102
425500
604618
437456
429197
427667
427639
429753
424307
424755
426067
601481
428379
426508
430067
429343
429976
432256
431436
609567
431064
431657
432715
431998
432330
430689
430491
606126
429179
432314
427291
429734
432460
427556
429924
607516
430183
429944
430683
429257
427538
429647
426230
606294
427123
429100
430024
429734
426136
427454
429446
601216
429031
428417
427559
426600
428866
425696
429372
604193
431111
425842
428639
428403
425074
428352
430620
428756
603542
428294
427699
428117
430628
426202
426805
424109
605262
427599
431502
427471
431589
427900
426962
425032
599133
430873
428116
429125
424621
425995
427118
426202
601542
426827
427821
430092
428081
427708
428247
429258
604041
428940
427466
429908
427388
428144
425756
428924
602939
426118
427318
425359
429139
428835
425955
425779
604797
425877
430052
425824
427746
429032
427591
427684
425858
604574
426126
430193
428494
429105
423453
426705
425941
605030
428701
426283
427537
426361
429237
425063
426986
603907
428529
426838
428016
427604
427508
426792
427421
600370
427376
429577
429052
426872
427572
427384
426173
606020
426722
428172
427097
428396
426886
427462
428240
605897
428066
429080
425850
427428
427506
424976
429097
601491
429839
426929
429026
426518
430172
427070
427185
429692
603699
428272
425257
427967
428222
427873
429322
424499
602440
426499
428519
426259
431391
424871
427834
426052
606766
427581
428783
428687
428268
429432
428317
428129
601115
427464
425939
430863
425756
428208
425492
424900
602012
428135
426547
427261
430004
426394
425779
429783
602717
429038
425598
427860
427383
428884
426056
426471
604192
427567
428414
425875
428801
426973
429751
424393
432511
606681
425032
428511
428230
429862
426507
429290
423971
604857
427464
429624
427784
426406
428073
425994
428675
602382
427801
426755
429200
426919
428411
428399
429929
604254
427099
429525
429722
429026
427213
426143
425375
603610
428837
428626
428590
425665
425146
427041
428018
602998
428070
429234
426778
428829
427777
425458
425477
605855
424440
431555
428353
426511
427352
427149
429787
428619
605093
427416
430193
428259
426118
427991
428226
427105
602665
428981
428406
428176
425170
429243
425615
428122
602164
428038
429735
426934
430263
426941
424816
435425
603051
427615
429818
428782
425284
427314
427853
426013
603048
429317
426021
425971
426459
424945
427266
426294
603506
426483
429416
426353
429374
429039
426491
427978
427760
605155
427057
428915
428511
428766
429982
426199
429820
605930
428143
426547
427783
425664
427088
426180
427364
605661
428591
427499
427889
425649
425227
428052
426121
605909
427670
427604
428703
428532
427500
426694
429919
601493
425464
427371
425972
430118
426635
429479
423528
604262
426218
429280
428174
429039
426211
429223
426981
602935
429907
427434
428446
426917
423873
426669
426922
427949
602011
429251
426099
426147
424883
426048
427660
428011
603709
425219
428445
426208
428396
426478
437083
426180
602400
428229
427211
427220
425073
426127
424431
427795
600111
427502
429286
432956
427649
426479
425663
425642
603142
426557
427010
426694
426358
426343
425167
428951
604785
429628
424010
426598
425350
423826
424896
427761
604463
426692
426483
434653
426108
425994
426584
427298
424474
603053
434683
427594
426779
428025
426664
425061
426164
605048
425916
427228
428200
427356
426372
427084
428078
600697
426855
427982
425430
425594
425411
427628
425026
601123
427260
429556
424356
426155
426865
425134
429357
602827
428594
426349
428688
424324
425557
426654
425710
602225
428771
426141
425941
426790
422303
425615
427528
602127
426359
424426
424818
427144
428657
425032
425527
426359
605438
427442
425223
425795
426959
428868
428920
426116
601925
426442
426744
428274
425722
423397
427826
424385
603550
427000
426755
424469
425385
424797
424550
426971
600113
425785
424634
427632
426630
427996
426394
427906
605507
425743
428135
427737
428239
423270
424131
425413
601414
429551
425951
428462
426956
425573
426296
427982
598792
427156
430104
424927
426182
426272
422795
424223
424558
602346
428324
426433
424718
427667
426824
425505
427529
602936
426465
427735
425727
427459
427885
429881
428762
601057
429932
426805
428912
425966
424491
426873
424431
603082
427745
429447
426105
425916
426736
423899
426150
601642
426547
424883
427101
425741
430255
426125
426477
603496
426041
426013
425700
427401
423725
429791
427615
602355
427418
427154
425581
426236
434810
425590
425416
425871
601714
426267
429929
425794
424810
427236
422740
427045
601206
428431
426056
429519
426063
427851
427807
425562
603175
426449
426901
424794
427765
424914
423174
426298
602649
430731
429379
429700
428154
428133
425553
423887
604584
423924
429815
427095
425677
427209
426226
424279
603470
427983
423812
428547
429109
424935
425448
426177
602214
430550
426485
426136
428025
427256
430722
424656
426220
600840
428679
427967
425902
424370
425370
428013
426389
602095
425077
429539
423953
434265
422883
428257
426283
602249
428788
426737
426544
427744
432295
425639
428843
600788
427839
428004
425622
429435
425851
426364
425087
604340
425068
426488
430133
426751
427143
426124
429222
601736
432541
428734
428495
427387
427384
435231
426579
603496
428476
427999
425869
431893
423962
424195
427977
426486
602886
425249
427145
426093
427767
424690
428509
427678
602657
425926
427738
428005
427249
426330
428965
427345
600707
427397
428056
426046
429778
424257
426661
426082
603130
428750
425345
426792
427170
436200
426164
426621
604239
427005
427811
427360
424978
427106
430669
425777
603802
426814
429683
427668
427571
427354
425380
426107
599866
426492
427281
424542
428768
428751
426119
425696
429039
608506
430318
424990
425260
425479
427195
428777
425777
604704
426274
427752
426518
425396
428124
428572
424304
601362
427528
428714
428086
427904
425161
425219
427620
600869
428297
426956
426622
425335
426559
428834
425838
603708
427351
429353
425068
428797
426397
428887
425335
602836
429683
426670
428441
426780
428642
425217
426403
604114
425460
427693
427322
429731
427698
427091
422947
426114
603581
426477
429178
424463
427927
426256
426518
424458
602032
423556
426669
426266
424719
426261
427046
429185
601397
428149
426136
427108
427640
426841
424286
423610
602963
424231
428785
427069
426060
425664
425357
427558
600321
428814
427658
428517
425329
425089
427432
425045
600223
427166
425500
426769
430464
423775
427515
425316
602538
426875
427526
426071
426431
427498
426590
427983
425009
601891
424580
428298
425557
424313
427118
425697
426826
601799
429223
426120
428293
434867
426701
429197
425110
603539
427285
428492
426482
427798
426296
423485
427326
600373
430086
428736
427609
424455
426039
425702
426870
603659
424177
427165
428766
428084
427211
430254
426138
605705
426848
422383
428337
427022
427281
427872
429556
601032
429236
426251
425649
430311
427306
427833
430163
430367
598379
428283
429492
424591
427505
428213
425238
426305
604020
422995
426681
427929
426192
427907
426523
428856
602299
428337
428339
428121
427354
426940
427460
424371
604242
428139
427239
424244
428169
425705
426395
427371
605430
424820
428298
428956
423488
425585
425580
425974
602648
428038
426978
426560
429156
427037
425943
426445
600102
431600
427640
426505
429439
426408
424349
426764
427073
600843
426380
427192
423834
428119
425978
426175
428290
604071
427442
424519
424941
425847
428219
426084
423883
604807
426089
428283
425132
429307
425004
428398
426198
602525
424425
425293
426643
427643
430043
424445
426661
603231
428030
425218
427578
423397
428056
425356
426434
602588
425585
426286
427418
426728
427408
427454
425763
602032
427396
424370
427597
423924
427528
425694
426362
427200
600472
425627
426257
426840
426608
429911
424408
424630
604832
426242
427340
427759
427015
425182
425268
425936
600022
426569
425920
428142
424871
424739
434193
427885
607681
429244
425093
423880
426461
427378
427602
425188
603476
425375
427238
426299
424988
426127
425808
429119
603105
429978
427529
428812
427352
425871
426161
428539
605534
424435
427748
424121
427491
424206
424557
426977
428125
601472
425927
426858
426810
424994
427329
425775
425990
603800
425374
426670
428691
426033
426963
427300
429269
603979
428022
428619
425679
426560
426437
428666
427194
602401
426540
426560
425840
425123
426796
426264
427593
602086
425966
427267
428132
424152
425652
424264
425558
604058
426696
426849
428306
427840
425861
427207
427978
602917
423836
426626
425906
425178
429096
426665
425278
427191
602500
427550
427762
426992
424237
427162
426102
426651
603417
425434
425459
425538
425658
425643
427458
425753
603384
425632
425400
427122
429002
425504
426370
428639
602204
427911
427057
425849
429267
428761
427315
425294
604497
425684
425954
428535
424579
424947
424439
426271
602885
426568
424911
428522
425611
426694
426177
427219
602237
428580
426302
423825
426368
426473
427640
427191
425996
601697
426676
426819
427246
426494
427756
425722
425527
601000
425828
426812
424849
423374
426460
425780
428267
601788
429979
427377
427644
426602
427015
427524
425086
602275
427729
427489
427945
427805
426333
426213
426139
602708
426878
427993
426270
427922
427128
426354
426594
602667
427435
425793
425817
424753
424645
427690
426546
602528
427288
426950
424402
428157
425484
424425
427041
426941
601579
427336
427929
424809
428363
428649
426008
427846
602185
427220
427034
428419
426942
425360
426125
425012
603326
425497
426816
425981
428054
423853
424385
426706
602543
427651
426241
429766
424716
427333
424671
425726
601567
424345
428357
424948
430291
425436
428349
426589
605049
427497
428721
424485
425308
426039
425987
428795
602737
428606
426711
428598
426666
426679
427400
427672
427591
602368
427488
427096
425065
426563
427046
427438
426794
602787
426447
429879
425908
431626
426867
428396
426175
601094
433905
427328
431042
426465
426971
427847
428552
602468
428183
429879
427333
426684
427622
426739
427761
605868
427751
429261
425770
427106
425567
427080
427751
601167
430682
427753
429035
425420
426623
426738
427410
604609
427182
428925
427718
427558
424636
424837
427876
425486
601412
424721
429692
424151
429921
424598
428013
428360
599407
427858
427208
429203
424797
428306
426158
425161
603613
424196
426646
427150
430915
423781
428209
425304
601704
427219
426643
425712
428197
425482
424047
429166
602778
428156
425150
426037
424057
425466
427056
425006
601550
425586
426608
424001
426133
425026
425878
432361
602282
428048
426479
429160
426308
435091
423238
425786
425796
604374
428052
427405
427047
426960
425771
426752
427883
602839
425727
427864
424129
427391
427494
426877
425207
605412
426488
426898
426410
426072
425691
426076
429358
601935
428946
427429
427643
426641
424976
426377
427166
602458
426609
426733
427881
426793
425848
427996
427749
601857
428497
426678
429611
426896
428990
427798
426852
602890
427386
428586
427095
427477
427539
425414
426858
427024
604061
424960
427082
425158
427460
428464
443122
425060
604673
428699
429905
425439
426652
426097
424092
427206
601300
429517
426275
429201
426337
426677
428317
427132
602626
427940
427571
426100
428190
426949
427562
427447
602784
428040
428357
427236
425578
427677
426236
424960
605393
427333
426021
424357
427197
425134
425993
422950
602752
427202
426375
435372
427593
426328
427380
426729
426514
603698
426351
425732
425308
424824
426683
427632
431546
601947
427723
427026
427966
426240
424992
427133
428084
601091
432600
430050
425028
426933
427055
425871
427466
599249
426707
427863
427950
422015
427074
425893
425811
603498
425345
427563
424367
427113
426892
428652
423928
603686
427373
423015
428947
426812
425574
426185
428739
603416
428146
425950
426622
426027
424764
426649
423921
427292
599686
425896
428251
426061
426450
425865
425924
426494
602090
425188
428432
426640
424025
423345
425033
427633
601973
427085
425595
427711
426984
427939
425201
426027
604279
426840
426752
423974
428497
426618
426767
425759
604777
427761
427647
428218
426775
426610
423693
426306
601235
428040
424871
426633
430273
427572
425704
426480
602161
426878
428494
426417
427604
424594
427532
425822
423227
602545
428893
429232
425787
430228
424140
424997
426145
603301
427170
432469
428091
426844
427549
426714
425118
603824
426474
425950
425123
429690
426582
428188
426333
601515
427825
427856
425852
428849
430194
425186
428559
601389
428279
425587
424465
426350
426698
428146
426023
603390
427749
427945
426239
428397
424407
426590
428424
603503
429027
428192
427570
425725
426458
424499
426183
424546
600805
435172
427119
427378
425650
427771
422842
427630
603523
424977
428551
426697
425347
425280
428083
426200
604814
426236
426921
426708
425014
426523
423966
425680
600521
428288
426268
423064
426932
426140
429392
425831
602784
423867
427351
425738
423633
428505
427694
424328
603789
428603
426827
424940
428032
424032
426831
426742
602665
426542
428149
424814
428944
425403
425521
426089
427269
600997
425098
429539
428902
427135
425263
427584
424429
603937
423972
425349
427303
424604
429048
424980
429268
602977
425757
425612
427394
426576
426079
426847
427768
608296
427677
427438
424736
427650
430283
422408
427132
603264
424340
428570
426827
424113
426591
428293
426755
603174
425594
426412
426733
428873
423900
428376
428632
599605
425854
424631
428215
428539
425285
424447
429140
424266
601099
425323
425816
424756
425587
429563
423606
426499
602919
425631
426067
425905
426662
425996
429430
425884
602617
425816
430145
426535
427257
426382
424254
430047
600386
429299
424864
428538
423998
426342
427510
426269
604679
426554
428925
424930
426488
426447
427646
423455
601824
427036
424330
426677
424898
430613
426260
427381
605101
427051
426686
426459
427984
424384
428042
424446
425824
599509
428005
426187
427575
427966
424863
428410
426905
602080
427866
428333
424935
425946
427557
424604
426493
603146
424009
424546
426961
426477
421257
426259
425939
601967
428036
427229
423298
427658
427616
425440
427633
601815
425650
428911
426554
425191
428909
427652
423836
602057
426956
426747
424790
428461
424089
425528
426645
603044
426552
425445
424588
425344
429115
426837
425661
425935
609013
431222
429106
426484
426904
426965
426533
427125
600755
427006
426348
425407
423860
428877
426613
425932
603562
424644
426582
426733
425001
424481
426966
428064
600285
428464
427863
426099
426162
428274
426614
427775
601873
424393
429163
427154
427755
425858
425924
425856
611556
427227
424612
424952
425208
428305
427336
431191
602257
427930
425519
427670
425560
427517
424891
426974
425295
601157
425596
424085
426078
426650
423844
430153
425571
601954
426504
427520
427071
427336
425105
426353
427557
601312
425779
424681
426731
425063
427515
426479
425233
601499
428474
427340
426784
429019
427739
425161
425852
599936
427423
424886
427961
426062
427245
427226
428783
600778
428485
425230
427063
426431
423219
429993
427370
603482
427342
429009
428077
428251
424549
424182
428336
427713
603108
427454
428464
424306
487823
424601
427020
428255
605476
424692
426521
426827
424747
428210
425657
426626
603306
427415
427585
426299
426168
426791
428764
425228
608435
431380
426471
426065
426750
428842
425355
427566
601846
427000
427281
426428
429144
426810
428691
425637
603085
431097
426741
427290
428499
426308
425981
427063
603489
429898
425342
423978
428405
429821
427257
426978
428743
600680
427700
428158
426046
423254
428261
426647
427598
601809
429049
427316
428281
425033
428014
427180
426684
603690
428276
429558
425580
425023
427013
424583
428419
600480
433112
429910
427244
426393
429191
426840
426863
603447
424986
428019
423990
426907
424786
428344
424896
600321
426770
424275
426776
425102
426498
424812
425700
602925
426322
427947
424876
427022
426341
427392
425212
425371
601931
427397
427343
424979
426533
426219
426642
425447
603615
424842
428104
426573
426024
427410
428121
427037
601416
426402
427355
424893
425629
424943
425512
426118
603803
427880
431096
425615
430722
425748
428987
427052
605044
425449
425904
427111
425186
426925
426063
423495
602394
426409
428217
426072
427781
425118
428983
425306
604634
425287
426306
427556
427374
428237
423489
425307
423684
601359
427089
427773
427524
427097
426814
422849
428765
601516
429651
425378
427240
424985
425865
427184
424464
604583
428457
425817
424677
427180
426490
429385
429099
600114
428621
426552
425938
427268
426101
430514
425561
603135
426795
427183
426137
426394
426847
429229
425095
601367
428289
424991
428521
428493
427659
424809
428183
604721
429856
428144
427380
427804
427724
425746
427513
426542
601599
428895
427437
427524
427155
427715
427786
427281
603870
427105
426344
427453
426986
426574
426880
426296
602760
427200
423547
430221
426148
426079
423292
426399
600388
429370
428551
426144
426441
426741
426414
424123
605077
423747
427543
428614
425874
425707
427191
427416
599249
427581
426279
427243
427768
425057
429023
427534
602143
423897
426858
426403
427837
425492
425629
428033
427273
601157
428281
425706
427469
429557
423710
424787
427483
603342
429212
427141
425906
425658
427780
425548
424087
603886
425356
426393
426985
429365
425983
426062
425122
601307
428100
426559
426606
426283
428786
424228
430516
603122
426489
426533
430184
426078
427215
427770
425888
600722
424257
427673
425873
426691
429389
425385
427030
601557
427520
427963
426924
427510
430257
423783
428901
428322
600394
429348
425345
428154
426095
425199
427124
430652
601213
427969
428236
424433
432752
429070
429278
425937
602684
427313
423959
427966
427745
427052
426018
428948
597847
428235
426776
427434
428251
426448
426199
427277
602118
426601
429168
425808
426231
426220
425357
427776
602469
428075
424924
428731
425594
427326
427118
423562
603532
425890
428588
424326
426451
428152
426570
428091
426882
601546
428062
429202
426239
427352
427341
425023
425347
603514
426223
425032
426319
424127
427432
424391
430072
602468
428978
427629
425320
426084
425916
425470
427221
603280
428270
428852
426871
426625
427866
427806
426955
601859
426824
427167
430030
424680
432853
426518
425680
605356
428282
426488
426686
428034
426365
427273
426998
600886
426186
427960
426201
424086
428825
425435
427893
428569
602536
427208
427124
427177
424841
427921
426634
428061
600374
428413
427525
428283
428128
426616
427149
424357
604144
426674
426620
425574
425633
426491
426972
426134
600442
426875
426532
427375
426568
429207
425234
428169
603001
425485
427161
425566
430365
427531
425794
428712
606872
426020
430021
427790
426614
428859
427419
427564
600265
428585
426323
424082
425674
425438
426488
424304
425102
599900
429089
427726
424973
427674
426184
425635
427430
603721
427706
428035
426443
423662
425359
425813
424586
601785
429784
425121
430248
426112
429851
428676
426152
603699
427056
426204
423779
428128
428421
427087
426801
604327
425007
426816
429506
425200
427273
425435
425767
600764
427698
427587
428993
429371
426326
428322
428714
603277
425430
426497
426528
427385
427189
427412
429164
426468
602399
427494
428225
426521
426805
428547
427415
428156
603690
425853
425622
427353
428455
427160
428923
424559
602865
425407
426743
427102
427930
425250
430038
427238
603772
428597
426966
429731
427549
428362
425510
427395
599713
427825
425948
425462
427512
425636
426757
423487
601723
426393
435199
429085
426685
427626
427371
427208
602111
429903
427602
426611
426497
427134
427612
430454
428613
599950
425730
425605
427685
426543
426642
425789
425566
601699
425863
428132
426618
427070
427365
425518
424094
603963
426733
426093
425645
427432
426041
427977
425992
602336
427786
428565
426589
426889
426311
425877
427130
602803
427317
427100
427416
425505
426222
426918
427113
602156
427385
424009
427155
428161
428453
426968
427528
602151
424091
428348
425355
432071
425948
427486
427641
424977
602381
423655
428745
426496
428303
423605
429078
426836
602410
425481
427664
428168
425134
428651
424742
426104
601179
428154
427655
426035
426165
425797
426151
424238
609846
426698
428577
423779
426228
426181
425803
427306
602233
427865
427996
427463
426591
426104
427903
426761
602018
425184
426773
426685
427072
423837
425140
425850
604577
426452
425602
426734
427217
428474
424381
427721
425305
602850
426839
426962
425615
427694
425397
428420
427823
600022
427456
427506
428533
424568
427593
428472
423572
604646
426066
425673
426816
426803
428458
427781
428403
602442
427639
427657
427388
425879
427428
425829
427776
604436
425646
428916
427722
426287
427921
426884
425206
603476
427379
426416
427587
427528
427188
427040
426178
602715
428104
428700
424417
427670
427266
428228
428957
426620
600887
428326
427221
425252
427915
425941
430106
428939
602534
424185
427175
425448
423450
427940
425238
427809
599633
432082
427464
427223
425611
426496
427979
425348
606184
432456
428743
428229
429208
426941
425982
431181
603324
425997
425648
428017
424434
429482
424466
429737
600421
427068
426941
428464
429276
428572
427078
427826
602676
427126
430029
425164
427373
427793
426481
426908
427147
603729
428710
428553
426315
427849
427657
424702
429331
603550
427888
426208
426661
425335
426994
429444
425024
602474
426382
428027
428750
425596
424106
427245
430397
606344
428306
428052
424593
427915
426581
423721
427599
600742
427006
427338
423771
426514
424431
425448
426423
604032
428916
428973
424712
428702
425940
427627
426077
609381
429411
427326
427457
429391
426309
426642
424714
427451
602369
426435
425937
427226
429298
427575
427595
428682
605347
425939
428090
426802
429041
427062
427439
423988
602918
433303
428241
426445
427581
426288
429659
425963
601035
430420
427757
427750
429123
426500
427369
423375
603733
427321
428936
426562
426342
427980
426225
428091
603236
428576
426756
426518
427274
425579
428212
427729
604287
427125
431442
424544
428319
425737
426652
427809
428767
601473
427732
427314
427644
426892
428244
425932
428412
604653
427969
425562
427534
427254
427591
426612
426634
601564
428500
426309
427505
428185
424388
430606
427378
600660
426467
429289
425548
426076
428766
425192
428498
602328
427264
428389
428908
425223
426666
429181
427444
605912
429642
424280
427583
427745
425058
427730
427860
601878
428304
428619
428066
427560
426519
424012
429253
424815
604079
427676
426715
430287
426108
426948
424799
431627
603616
429092
426954
426097
426325
427220
427835
426133
603272
427925
426716
428265
427884
426863
427890
426773
603408
428459
429130
427569
427241
426937
427026
428476
604138
425928
427679
428143
427119
425085
428687
425542
605456
426601
425918
427784
425993
430905
423860
429034
600291
427059
434589
425589
431614
425931
425927
425979
427333
600172
429463
426521
427155
428012
426366
426741
425571
603815
425290
429444
428043
425456
426359
427272
424346
601146
428971
425841
428903
427045
426734
424652
425943
605122
428590
429988
425651
430360
427995
425773
425873
602622
426037
427098
428860
432492
425287
429682
426318
603532
429470
427291
425997
428817
427401
426339
426265
601206
428873
428155
426180
424656
428373
423976
429158
425968
603674
430502
431009
424654
430497
427755
425714
427003
600865
427192
427680
427969
428490
429732
427412
431124
605881
432456
428070
425237
430924
426112
428036
426542
603633
426730
425701
426239
426126
427515
428971
428197
603018
427177
427819
425023
424703
427480
429242
427834
603637
426671
427547
427472
428333
426924
426091
428369
602702
429246
427405
428523
427808
429275
424653
426047
428313
599506
428781
430369
427083
426015
425641
425445
424656
603756
423377
428970
425562
427894
427527
427314
426120
602624
428595
426705
426162
425337
425671
427219
427656
600188
430773
427399
425886
431135
425861
425939
427996
605039
425853
428512
428405
427284
427689
429235
425570
601866
427403
425820
424636
427663
429658
427286
429631
602619
427738
427721
422711
427306
425666
425572
426043
425195
601943
426840
427543
426832
433380
426643
425991
425372
604482
425959
427779
427804
428247
426710
427591
425792
601882
428636
426784
427961
435467
426534
429036
427331
604974
429142
429825
426484
425057
428398
424808
428303
604605
426556
427513
426291
425809
427796
426484
423664
602449
425899
427105
426465
430182
425734
426446
428091
600594
430561
428384
426081
426557
426933
427245
428350
425361
603120
428377
427231
429189
427643
428253
426177
433746
603068
429059
426741
428926
425763
427787
427332
423995
604323
429086
430528
424797
429136
423591
426575
428589
600877
427313
426382
428961
425170
427951
424575
425944
605250
426410
428591
427477
424602
426879
428235
426424
603680
426190
425203
427322
426330
425771
425823
429612
601089
427722
429107
425543
429183
424936
424367
426486
427134
601028
429505
427688
426359
429000
425433
428891
425073
605170
427504
430701
426939
426426
425007
422180
432613
603898
428588
427292
428148
428174
427494
426226
426074
600785
427581
427655
425442
426186
426788
425454
425828
602081
424571
428090
428925
421965
428089
428361
428903
603219
428951
423961
427768
427233
431809
428721
425863
603719
427946
428683
427074
430866
427247
425574
426421
427006
601814
428566
428542
424547
431899
426772
423719
430483
601503
425441
426524
434072
426426
427721
425986
427718
603911
427196
426447
426553
428714
424374
429109
427526
601533
428428
427493
427547
427412
427070
424995
426508
603129
428461
426951
429317
425652
427449
426519
424321
604319
428687
426744
426500
429041
425528
427101
426703
603441
427814
426145
426359
427263
428737
424968
426233
427894
601627
430287
426695
432941
428123
427678
423628
427029
602012
425709
428284
426516
428092
427650
428288
425943
604263
426096
425223
428017
426984
426459
427560
428416
600849
427617
427684
428898
426697
428492
424544
427048
604950
426205
429131
425974
425771
427415
427872
425614
600729
428439
424869
428079
427755
430793
426083
424313
602304
426502
426459
426666
427778
424843
429555
426222
427991
600687
427085
428353
426870
426982
424933
424977
426764
604296
425742
424941
428074
424758
430225
424331
425819
603394
428452
425528
426710
427451
424722
428347
428575
600610
426696
430634
423609
428596
428141
424337
427917
603860
425961
427486
426434
426383
428634
425004
426219
604926
426690
427007
425087
429489
423484
427941
424536
603108
427491
428409
425338
425554
425421
424571
425976
424306
604035
427377
426304
428190
427014
425884
423748
428030
600166
427535
426602
427328
428931
425433
427424
424365
607176
426008
428285
426797
427253
425070
426300
428915
600070
428923
425558
427441
425110
427947
423342
428043
603823
436513
426827
427258
427419
428219
427913
425169
603309
427997
425936
427226
427756
426619
425700
426613
605382
427739
428926
424896
425957
426506
425649
426026
428419
601993
428333
427599
426587
424519
427261
426421
428042
600875
426831
427892
431462
427154
426192
427571
426980
605207
428766
428604
428057
427841
426729
425490
428958
601753
426941
429703
428545
427653
425312
427938
424945
606257
423108
427667
428702
428602
427146
428205
428477
602490
431070
426330
426420
428595
424725
425275
427015
608366
429103
429570
423927
429527
424695
423888
428968
430966
604500
428349
432338
425284
429106
426933
424825
428337
601926
426661
433582
428588
427923
426631
426903
425423
603226
426117
427544
424222
424891
